Solution:
Sol. No. 1                   (1, 1), (2, 3), (3, 5), (4, 2), (5, 4), (6, 9), (7, 11), (8, 13), (9, 15), (10, 17), (11, 23), (12, 25), (13, 22), (14, 28), (15, 26), (16, 24), (17, 27), (18, 7), (19, 12), (20, 16), (21, 18), (22, 8), (23, 10), (24, 14), (25, 20), (26, 6), (27, 21), (28, 19)


Summary of Results:
Date and Time                10/01/2021 19:58:56
BoardSize                                     28
No. of Unique Solutions                        1
Elapsed Time (s)                             7.1

