List of First 40 Solution(s), May Include Symmetrical Ones:
Sol. No. 1                   (1, 1), (2, 3), (3, 5), (4, 7), (5, 12), (6, 10), (7, 13), (8, 4), (9, 14), (10, 9), (11, 2), (12, 6), (13, 8), (14, 11)
Sol. No. 2                   (1, 14), (2, 12), (3, 10), (4, 8), (5, 3), (6, 5), (7, 2), (8, 11), (9, 1), (10, 6), (11, 13), (12, 9), (13, 7), (14, 4)
Sol. No. 3                   (1, 11), (2, 8), (3, 6), (4, 2), (5, 9), (6, 14), (7, 4), (8, 13), (9, 10), (10, 12), (11, 7), (12, 5), (13, 3), (14, 1)
Sol. No. 4                   (1, 1), (2, 11), (3, 2), (4, 8), (5, 3), (6, 12), (7, 4), (8, 13), (9, 10), (10, 6), (11, 14), (12, 5), (13, 7), (14, 9)
Sol. No. 5                   (1, 6), (2, 8), (3, 10), (4, 1), (5, 9), (6, 5), (7, 2), (8, 11), (9, 3), (10, 12), (11, 7), (12, 13), (13, 4), (14, 14)
Sol. No. 6                   (1, 9), (2, 7), (3, 5), (4, 14), (5, 6), (6, 10), (7, 13), (8, 4), (9, 12), (10, 3), (11, 8), (12, 2), (13, 11), (14, 1)
Sol. No. 7                   (1, 4), (2, 7), (3, 9), (4, 13), (5, 6), (6, 1), (7, 11), (8, 2), (9, 5), (10, 3), (11, 8), (12, 10), (13, 12), (14, 14)
Sol. No. 8                   (1, 14), (2, 4), (3, 13), (4, 7), (5, 12), (6, 3), (7, 11), (8, 2), (9, 5), (10, 9), (11, 1), (12, 10), (13, 8), (14, 6)
Sol. No. 9                   (1, 1), (2, 3), (3, 5), (4, 7), (5, 13), (6, 10), (7, 12), (8, 14), (9, 6), (10, 4), (11, 2), (12, 8), (13, 11), (14, 9)
Sol. No. 10                  (1, 14), (2, 12), (3, 10), (4, 8), (5, 2), (6, 5), (7, 3), (8, 1), (9, 9), (10, 11), (11, 13), (12, 7), (13, 4), (14, 6)
Sol. No. 11                  (1, 9), (2, 11), (3, 8), (4, 2), (5, 4), (6, 6), (7, 14), (8, 12), (9, 10), (10, 13), (11, 7), (12, 5), (13, 3), (14, 1)
Sol. No. 12                  (1, 1), (2, 11), (3, 2), (4, 10), (5, 3), (6, 9), (7, 4), (8, 12), (9, 14), (10, 6), (11, 13), (12, 7), (13, 5), (14, 8)
Sol. No. 13                  (1, 7), (2, 10), (3, 8), (4, 2), (5, 9), (6, 1), (7, 3), (8, 11), (9, 6), (10, 12), (11, 5), (12, 13), (13, 4), (14, 14)
Sol. No. 14                  (1, 8), (2, 5), (3, 7), (4, 13), (5, 6), (6, 14), (7, 12), (8, 4), (9, 9), (10, 3), (11, 10), (12, 2), (13, 11), (14, 1)
Sol. No. 15                  (1, 6), (2, 4), (3, 7), (4, 13), (5, 11), (6, 9), (7, 1), (8, 3), (9, 5), (10, 2), (11, 8), (12, 10), (13, 12), (14, 14)
Sol. No. 16                  (1, 14), (2, 4), (3, 13), (4, 5), (5, 12), (6, 6), (7, 11), (8, 3), (9, 1), (10, 9), (11, 2), (12, 8), (13, 10), (14, 7)
Sol. No. 17                  (1, 1), (2, 3), (3, 5), (4, 7), (5, 13), (6, 10), (7, 12), (8, 14), (9, 8), (10, 4), (11, 2), (12, 9), (13, 11), (14, 6)
Sol. No. 18                  (1, 14), (2, 12), (3, 10), (4, 8), (5, 2), (6, 5), (7, 3), (8, 1), (9, 7), (10, 11), (11, 13), (12, 6), (13, 4), (14, 9)
Sol. No. 19                  (1, 6), (2, 11), (3, 9), (4, 2), (5, 4), (6, 8), (7, 14), (8, 12), (9, 10), (10, 13), (11, 7), (12, 5), (13, 3), (14, 1)
Sol. No. 20                  (1, 1), (2, 11), (3, 2), (4, 10), (5, 3), (6, 14), (7, 4), (8, 9), (9, 12), (10, 6), (11, 13), (12, 7), (13, 5), (14, 8)
Sol. No. 21                  (1, 7), (2, 10), (3, 8), (4, 2), (5, 9), (6, 3), (7, 6), (8, 11), (9, 1), (10, 12), (11, 5), (12, 13), (13, 4), (14, 14)
Sol. No. 22                  (1, 8), (2, 5), (3, 7), (4, 13), (5, 6), (6, 12), (7, 9), (8, 4), (9, 14), (10, 3), (11, 10), (12, 2), (13, 11), (14, 1)
Sol. No. 23                  (1, 9), (2, 4), (3, 6), (4, 13), (5, 11), (6, 7), (7, 1), (8, 3), (9, 5), (10, 2), (11, 8), (12, 10), (13, 12), (14, 14)
Sol. No. 24                  (1, 14), (2, 4), (3, 13), (4, 5), (5, 12), (6, 1), (7, 11), (8, 6), (9, 3), (10, 9), (11, 2), (12, 8), (13, 10), (14, 7)
Sol. No. 25                  (1, 1), (2, 3), (3, 5), (4, 8), (5, 11), (6, 14), (7, 10), (8, 13), (9, 6), (10, 4), (11, 2), (12, 7), (13, 9), (14, 12)
Sol. No. 26                  (1, 14), (2, 12), (3, 10), (4, 7), (5, 4), (6, 1), (7, 5), (8, 2), (9, 9), (10, 11), (11, 13), (12, 8), (13, 6), (14, 3)
Sol. No. 27                  (1, 12), (2, 9), (3, 7), (4, 2), (5, 4), (6, 6), (7, 13), (8, 10), (9, 14), (10, 11), (11, 8), (12, 5), (13, 3), (14, 1)
Sol. No. 28                  (1, 1), (2, 11), (3, 2), (4, 10), (5, 3), (6, 9), (7, 12), (8, 4), (9, 13), (10, 7), (11, 5), (12, 14), (13, 8), (14, 6)
Sol. No. 29                  (1, 9), (2, 7), (3, 1), (4, 10), (5, 8), (6, 2), (7, 11), (8, 3), (9, 6), (10, 12), (11, 5), (12, 13), (13, 4), (14, 14)
Sol. No. 30                  (1, 6), (2, 8), (3, 14), (4, 5), (5, 7), (6, 13), (7, 4), (8, 12), (9, 9), (10, 3), (11, 10), (12, 2), (13, 11), (14, 1)
Sol. No. 31                  (1, 3), (2, 6), (3, 8), (4, 13), (5, 11), (6, 9), (7, 2), (8, 5), (9, 1), (10, 4), (11, 7), (12, 10), (13, 12), (14, 14)
Sol. No. 32                  (1, 14), (2, 4), (3, 13), (4, 5), (5, 12), (6, 6), (7, 3), (8, 11), (9, 2), (10, 8), (11, 10), (12, 1), (13, 7), (14, 9)
Sol. No. 33                  (1, 1), (2, 3), (3, 5), (4, 8), (5, 12), (6, 9), (7, 13), (8, 2), (9, 14), (10, 6), (11, 10), (12, 7), (13, 11), (14, 4)
Sol. No. 34                  (1, 14), (2, 12), (3, 10), (4, 7), (5, 3), (6, 6), (7, 2), (8, 13), (9, 1), (10, 9), (11, 5), (12, 8), (13, 4), (14, 11)
Sol. No. 35                  (1, 4), (2, 11), (3, 7), (4, 10), (5, 6), (6, 14), (7, 2), (8, 13), (9, 9), (10, 12), (11, 8), (12, 5), (13, 3), (14, 1)
Sol. No. 36                  (1, 1), (2, 8), (3, 2), (4, 14), (5, 3), (6, 10), (7, 12), (8, 4), (9, 6), (10, 11), (11, 13), (12, 5), (13, 7), (14, 9)
Sol. No. 37                  (1, 6), (2, 8), (3, 10), (4, 2), (5, 4), (6, 9), (7, 11), (8, 3), (9, 5), (10, 12), (11, 1), (12, 13), (13, 7), (14, 14)
Sol. No. 38                  (1, 9), (2, 7), (3, 5), (4, 13), (5, 11), (6, 6), (7, 4), (8, 12), (9, 10), (10, 3), (11, 14), (12, 2), (13, 8), (14, 1)
Sol. No. 39                  (1, 11), (2, 4), (3, 8), (4, 5), (5, 9), (6, 1), (7, 13), (8, 2), (9, 6), (10, 3), (11, 7), (12, 10), (13, 12), (14, 14)
Sol. No. 40                  (1, 14), (2, 7), (3, 13), (4, 1), (5, 12), (6, 5), (7, 3), (8, 11), (9, 9), (10, 4), (11, 2), (12, 10), (13, 8), (14, 6)
Sol. No. 41                  (1, 1), (2, 3), (3, 5), (4, 8), (5, 13), (6, 9), (7, 12), (8, 14), (9, 4), (10, 6), (11, 10), (12, 2), (13, 7), (14, 11)
Sol. No. 42                  (1, 14), (2, 12), (3, 10), (4, 7), (5, 2), (6, 6), (7, 3), (8, 1), (9, 11), (10, 9), (11, 5), (12, 13), (13, 8), (14, 4)
Sol. No. 43                  (1, 11), (2, 7), (3, 2), (4, 10), (5, 6), (6, 4), (7, 14), (8, 12), (9, 9), (10, 13), (11, 8), (12, 5), (13, 3), (14, 1)
Sol. No. 44                  (1, 1), (2, 12), (3, 2), (4, 9), (5, 3), (6, 10), (7, 13), (8, 4), (9, 6), (10, 11), (11, 14), (12, 7), (13, 5), (14, 8)
Sol. No. 45                  (1, 7), (2, 10), (3, 8), (4, 1), (5, 4), (6, 9), (7, 11), (8, 2), (9, 5), (10, 12), (11, 6), (12, 13), (13, 3), (14, 14)
Sol. No. 46                  (1, 8), (2, 5), (3, 7), (4, 14), (5, 11), (6, 6), (7, 4), (8, 13), (9, 10), (10, 3), (11, 9), (12, 2), (13, 12), (14, 1)
Sol. No. 47                  (1, 4), (2, 8), (3, 13), (4, 5), (5, 9), (6, 11), (7, 1), (8, 3), (9, 6), (10, 2), (11, 7), (12, 10), (13, 12), (14, 14)
Sol. No. 48                  (1, 14), (2, 3), (3, 13), (4, 6), (5, 12), (6, 5), (7, 2), (8, 11), (9, 9), (10, 4), (11, 1), (12, 8), (13, 10), (14, 7)
Sol. No. 49                  (1, 1), (2, 3), (3, 5), (4, 8), (5, 13), (6, 9), (7, 12), (8, 14), (9, 4), (10, 7), (11, 10), (12, 2), (13, 11), (14, 6)
Sol. No. 50                  (1, 14), (2, 12), (3, 10), (4, 7), (5, 2), (6, 6), (7, 3), (8, 1), (9, 11), (10, 8), (11, 5), (12, 13), (13, 4), (14, 9)


Summary of Results:
Date and Time                10/01/2021 19:37:33
BoardSize                                     14
No. of Solutions Included                  50
Elapsed Time (s)                            15.1

