List of First 50 Unique Solution(s), Excluded Symmetrical Ones:
Sol. No. 1                   (1, 1), (2, 3), (3, 5), (4, 8), (5, 10), (6, 12), (7, 6), (8, 11), (9, 2), (10, 7), (11, 9), (12, 4)
Sol. No. 2                   (1, 1), (2, 3), (3, 5), (4, 10), (5, 8), (6, 11), (7, 2), (8, 12), (9, 6), (10, 9), (11, 7), (12, 4)
Sol. No. 3                   (1, 1), (2, 3), (3, 5), (4, 10), (5, 8), (6, 11), (7, 2), (8, 12), (9, 7), (10, 9), (11, 4), (12, 6)
Sol. No. 4                   (1, 1), (2, 3), (3, 5), (4, 11), (5, 8), (6, 10), (7, 12), (8, 4), (9, 2), (10, 7), (11, 9), (12, 6)
Sol. No. 5                   (1, 1), (2, 3), (3, 6), (4, 8), (5, 11), (6, 5), (7, 12), (8, 10), (9, 4), (10, 7), (11, 9), (12, 2)
Sol. No. 6                   (1, 1), (2, 3), (3, 6), (4, 11), (5, 9), (6, 4), (7, 12), (8, 10), (9, 2), (10, 7), (11, 5), (12, 8)
Sol. No. 7                   (1, 1), (2, 3), (3, 6), (4, 11), (5, 9), (6, 12), (7, 5), (8, 2), (9, 4), (10, 7), (11, 10), (12, 8)
Sol. No. 8                   (1, 1), (2, 3), (3, 6), (4, 12), (5, 10), (6, 2), (7, 11), (8, 5), (9, 8), (10, 4), (11, 9), (12, 7)
Sol. No. 9                   (1, 1), (2, 3), (3, 7), (4, 11), (5, 2), (6, 12), (7, 10), (8, 6), (9, 4), (10, 9), (11, 5), (12, 8)
Sol. No. 10                  (1, 1), (2, 3), (3, 8), (4, 2), (5, 9), (6, 12), (7, 10), (8, 5), (9, 11), (10, 6), (11, 4), (12, 7)
Sol. No. 11                  (1, 1), (2, 3), (3, 8), (4, 6), (5, 9), (6, 12), (7, 10), (8, 4), (9, 7), (10, 5), (11, 2), (12, 11)
Sol. No. 12                  (1, 1), (2, 3), (3, 8), (4, 6), (5, 9), (6, 12), (7, 10), (8, 5), (9, 7), (10, 2), (11, 4), (12, 11)
Sol. No. 13                  (1, 1), (2, 3), (3, 8), (4, 6), (5, 11), (6, 9), (7, 5), (8, 12), (9, 4), (10, 7), (11, 10), (12, 2)
Sol. No. 14                  (1, 1), (2, 3), (3, 8), (4, 10), (5, 7), (6, 2), (7, 11), (8, 5), (9, 12), (10, 9), (11, 6), (12, 4)
Sol. No. 15                  (1, 1), (2, 3), (3, 8), (4, 11), (5, 7), (6, 4), (7, 10), (8, 12), (9, 5), (10, 9), (11, 2), (12, 6)
Sol. No. 16                  (1, 1), (2, 3), (3, 8), (4, 11), (5, 9), (6, 4), (7, 6), (8, 10), (9, 12), (10, 2), (11, 5), (12, 7)
Sol. No. 17                  (1, 1), (2, 3), (3, 8), (4, 12), (5, 9), (6, 2), (7, 5), (8, 11), (9, 4), (10, 7), (11, 10), (12, 6)
Sol. No. 18                  (1, 1), (2, 3), (3, 9), (4, 6), (5, 8), (6, 11), (7, 4), (8, 12), (9, 7), (10, 5), (11, 10), (12, 2)
Sol. No. 19                  (1, 1), (2, 3), (3, 9), (4, 7), (5, 4), (6, 10), (7, 12), (8, 5), (9, 11), (10, 8), (11, 6), (12, 2)
Sol. No. 20                  (1, 1), (2, 3), (3, 9), (4, 7), (5, 10), (6, 2), (7, 11), (8, 6), (9, 4), (10, 12), (11, 8), (12, 5)
Sol. No. 21                  (1, 1), (2, 3), (3, 9), (4, 11), (5, 2), (6, 5), (7, 12), (8, 10), (9, 7), (10, 4), (11, 6), (12, 8)
Sol. No. 22                  (1, 1), (2, 3), (3, 9), (4, 11), (5, 8), (6, 4), (7, 2), (8, 12), (9, 5), (10, 7), (11, 10), (12, 6)
Sol. No. 23                  (1, 1), (2, 3), (3, 10), (4, 6), (5, 9), (6, 11), (7, 4), (8, 7), (9, 12), (10, 2), (11, 5), (12, 8)
Sol. No. 24                  (1, 1), (2, 3), (3, 10), (4, 7), (5, 4), (6, 11), (7, 9), (8, 12), (9, 5), (10, 2), (11, 8), (12, 6)
Sol. No. 25                  (1, 1), (2, 3), (3, 10), (4, 12), (5, 7), (6, 2), (7, 4), (8, 11), (9, 8), (10, 5), (11, 9), (12, 6)
Sol. No. 26                  (1, 1), (2, 3), (3, 10), (4, 12), (5, 7), (6, 9), (7, 4), (8, 2), (9, 5), (10, 8), (11, 6), (12, 11)
Sol. No. 27                  (1, 1), (2, 3), (3, 11), (4, 7), (5, 2), (6, 10), (7, 12), (8, 4), (9, 8), (10, 5), (11, 9), (12, 6)
Sol. No. 28                  (1, 1), (2, 3), (3, 11), (4, 7), (5, 12), (6, 4), (7, 2), (8, 10), (9, 6), (10, 9), (11, 5), (12, 8)
Sol. No. 29                  (1, 1), (2, 3), (3, 11), (4, 8), (5, 4), (6, 12), (7, 10), (8, 5), (9, 2), (10, 6), (11, 9), (12, 7)
Sol. No. 30                  (1, 1), (2, 3), (3, 11), (4, 9), (5, 4), (6, 2), (7, 10), (8, 12), (9, 6), (10, 8), (11, 5), (12, 7)
Sol. No. 31                  (1, 1), (2, 3), (3, 11), (4, 9), (5, 4), (6, 2), (7, 10), (8, 12), (9, 7), (10, 5), (11, 8), (12, 6)
Sol. No. 32                  (1, 1), (2, 3), (3, 11), (4, 9), (5, 7), (6, 4), (7, 10), (8, 12), (9, 2), (10, 5), (11, 8), (12, 6)
Sol. No. 33                  (1, 1), (2, 3), (3, 12), (4, 9), (5, 7), (6, 10), (7, 4), (8, 2), (9, 5), (10, 8), (11, 6), (12, 11)
Sol. No. 34                  (1, 1), (2, 3), (3, 12), (4, 10), (5, 7), (6, 4), (7, 11), (8, 5), (9, 2), (10, 9), (11, 6), (12, 8)
Sol. No. 35                  (1, 1), (2, 4), (3, 6), (4, 8), (5, 10), (6, 12), (7, 3), (8, 5), (9, 2), (10, 11), (11, 9), (12, 7)
Sol. No. 36                  (1, 1), (2, 4), (3, 6), (4, 9), (5, 12), (6, 10), (7, 5), (8, 7), (9, 2), (10, 11), (11, 3), (12, 8)
Sol. No. 37                  (1, 1), (2, 4), (3, 6), (4, 11), (5, 9), (6, 7), (7, 12), (8, 3), (9, 8), (10, 2), (11, 5), (12, 10)
Sol. No. 38                  (1, 1), (2, 4), (3, 6), (4, 11), (5, 9), (6, 12), (7, 5), (8, 3), (9, 10), (10, 7), (11, 2), (12, 8)
Sol. No. 39                  (1, 1), (2, 4), (3, 6), (4, 12), (5, 9), (6, 11), (7, 3), (8, 5), (9, 2), (10, 8), (11, 10), (12, 7)
Sol. No. 40                  (1, 1), (2, 4), (3, 7), (4, 9), (5, 2), (6, 12), (7, 8), (8, 11), (9, 3), (10, 6), (11, 10), (12, 5)
Sol. No. 41                  (1, 1), (2, 4), (3, 7), (4, 9), (5, 11), (6, 3), (7, 10), (8, 6), (9, 2), (10, 5), (11, 12), (12, 8)
Sol. No. 42                  (1, 1), (2, 4), (3, 7), (4, 9), (5, 12), (6, 3), (7, 8), (8, 11), (9, 5), (10, 2), (11, 10), (12, 6)
Sol. No. 43                  (1, 1), (2, 4), (3, 7), (4, 10), (5, 3), (6, 9), (7, 12), (8, 5), (9, 2), (10, 11), (11, 6), (12, 8)
Sol. No. 44                  (1, 1), (2, 4), (3, 7), (4, 10), (5, 8), (6, 2), (7, 12), (8, 3), (9, 6), (10, 11), (11, 9), (12, 5)
Sol. No. 45                  (1, 1), (2, 4), (3, 7), (4, 10), (5, 12), (6, 5), (7, 8), (8, 11), (9, 3), (10, 6), (11, 2), (12, 9)
Sol. No. 46                  (1, 1), (2, 4), (3, 7), (4, 11), (5, 8), (6, 3), (7, 12), (8, 9), (9, 5), (10, 2), (11, 10), (12, 6)
Sol. No. 47                  (1, 1), (2, 4), (3, 8), (4, 3), (5, 11), (6, 9), (7, 5), (8, 12), (9, 10), (10, 7), (11, 2), (12, 6)
Sol. No. 48                  (1, 1), (2, 4), (3, 8), (4, 10), (5, 2), (6, 9), (7, 6), (8, 12), (9, 3), (10, 11), (11, 7), (12, 5)
Sol. No. 49                  (1, 1), (2, 4), (3, 8), (4, 12), (5, 9), (6, 7), (7, 3), (8, 11), (9, 6), (10, 2), (11, 10), (12, 5)
Sol. No. 50                  (1, 1), (2, 4), (3, 9), (4, 3), (5, 8), (6, 10), (7, 12), (8, 2), (9, 6), (10, 11), (11, 7), (12, 5)


Summary of Results:
Date and Time                25/01/2021 12:18:59
BoardSize                                     12
No. of Solutions Included                  50
Elapsed Time (s)                             0.4

