List of First 50 Solution(s), May Include Symmetrical Ones:
Sol. No. 1                   (1, 1), (2, 5), (3, 8), (4, 6), (5, 3), (6, 7), (7, 2), (8, 4)
Sol. No. 2                   (1, 8), (2, 4), (3, 1), (4, 3), (5, 6), (6, 2), (7, 7), (8, 5)
Sol. No. 3                   (1, 4), (2, 2), (3, 7), (4, 3), (5, 6), (6, 8), (7, 5), (8, 1)
Sol. No. 4                   (1, 1), (2, 7), (3, 5), (4, 8), (5, 2), (6, 4), (7, 6), (8, 3)
Sol. No. 5                   (1, 6), (2, 3), (3, 5), (4, 7), (5, 1), (6, 4), (7, 2), (8, 8)
Sol. No. 6                   (1, 3), (2, 6), (3, 4), (4, 2), (5, 8), (6, 5), (7, 7), (8, 1)
Sol. No. 7                   (1, 5), (2, 7), (3, 2), (4, 6), (5, 3), (6, 1), (7, 4), (8, 8)
Sol. No. 8                   (1, 8), (2, 2), (3, 4), (4, 1), (5, 7), (6, 5), (7, 3), (8, 6)
Sol. No. 9                   (1, 1), (2, 6), (3, 8), (4, 3), (5, 7), (6, 4), (7, 2), (8, 5)
Sol. No. 10                  (1, 8), (2, 3), (3, 1), (4, 6), (5, 2), (6, 5), (7, 7), (8, 4)
Sol. No. 11                  (1, 5), (2, 2), (3, 4), (4, 7), (5, 3), (6, 8), (7, 6), (8, 1)
Sol. No. 12                  (1, 1), (2, 7), (3, 4), (4, 6), (5, 8), (6, 2), (7, 5), (8, 3)
Sol. No. 13                  (1, 6), (2, 4), (3, 7), (4, 1), (5, 3), (6, 5), (7, 2), (8, 8)
Sol. No. 14                  (1, 3), (2, 5), (3, 2), (4, 8), (5, 6), (6, 4), (7, 7), (8, 1)
Sol. No. 15                  (1, 4), (2, 7), (3, 5), (4, 2), (5, 6), (6, 1), (7, 3), (8, 8)
Sol. No. 16                  (1, 8), (2, 2), (3, 5), (4, 3), (5, 1), (6, 7), (7, 4), (8, 6)
Sol. No. 17                  (1, 2), (2, 4), (3, 6), (4, 8), (5, 3), (6, 1), (7, 7), (8, 5)
Sol. No. 18                  (1, 7), (2, 5), (3, 3), (4, 1), (5, 6), (6, 8), (7, 2), (8, 4)
Sol. No. 19                  (1, 5), (2, 7), (3, 1), (4, 3), (5, 8), (6, 6), (7, 4), (8, 2)
Sol. No. 20                  (1, 6), (2, 1), (3, 5), (4, 2), (5, 8), (6, 3), (7, 7), (8, 4)
Sol. No. 21                  (1, 5), (2, 2), (3, 6), (4, 1), (5, 7), (6, 4), (7, 8), (8, 3)
Sol. No. 22                  (1, 4), (2, 7), (3, 3), (4, 8), (5, 2), (6, 5), (7, 1), (8, 6)
Sol. No. 23                  (1, 4), (2, 2), (3, 8), (4, 6), (5, 1), (6, 3), (7, 5), (8, 7)
Sol. No. 24                  (1, 3), (2, 8), (3, 4), (4, 7), (5, 1), (6, 6), (7, 2), (8, 5)
Sol. No. 25                  (1, 2), (2, 5), (3, 7), (4, 1), (5, 3), (6, 8), (7, 6), (8, 4)
Sol. No. 26                  (1, 7), (2, 4), (3, 2), (4, 8), (5, 6), (6, 1), (7, 3), (8, 5)
Sol. No. 27                  (1, 4), (2, 6), (3, 8), (4, 3), (5, 1), (6, 7), (7, 5), (8, 2)
Sol. No. 28                  (1, 4), (2, 1), (3, 5), (4, 8), (5, 2), (6, 7), (7, 3), (8, 6)
Sol. No. 29                  (1, 3), (2, 6), (3, 2), (4, 7), (5, 1), (6, 4), (7, 8), (8, 5)
Sol. No. 30                  (1, 6), (2, 3), (3, 7), (4, 2), (5, 8), (6, 5), (7, 1), (8, 4)
Sol. No. 31                  (1, 5), (2, 3), (3, 1), (4, 6), (5, 8), (6, 2), (7, 4), (8, 7)
Sol. No. 32                  (1, 5), (2, 8), (3, 4), (4, 1), (5, 7), (6, 2), (7, 6), (8, 3)
Sol. No. 33                  (1, 2), (2, 5), (3, 7), (4, 4), (5, 1), (6, 8), (7, 6), (8, 3)
Sol. No. 34                  (1, 7), (2, 4), (3, 2), (4, 5), (5, 8), (6, 1), (7, 3), (8, 6)
Sol. No. 35                  (1, 3), (2, 6), (3, 8), (4, 1), (5, 4), (6, 7), (7, 5), (8, 2)
Sol. No. 36                  (1, 5), (2, 1), (3, 8), (4, 4), (5, 2), (6, 7), (7, 3), (8, 6)
Sol. No. 37                  (1, 3), (2, 6), (3, 2), (4, 7), (5, 5), (6, 1), (7, 8), (8, 4)
Sol. No. 38                  (1, 6), (2, 3), (3, 7), (4, 2), (5, 4), (6, 8), (7, 1), (8, 5)
Sol. No. 39                  (1, 6), (2, 3), (3, 1), (4, 8), (5, 5), (6, 2), (7, 4), (8, 7)
Sol. No. 40                  (1, 4), (2, 8), (3, 1), (4, 5), (5, 7), (6, 2), (7, 6), (8, 3)
Sol. No. 41                  (1, 2), (2, 6), (3, 1), (4, 7), (5, 4), (6, 8), (7, 3), (8, 5)
Sol. No. 42                  (1, 7), (2, 3), (3, 8), (4, 2), (5, 5), (6, 1), (7, 6), (8, 4)
Sol. No. 43                  (1, 5), (2, 3), (3, 8), (4, 4), (5, 7), (6, 1), (7, 6), (8, 2)
Sol. No. 44                  (1, 3), (2, 1), (3, 7), (4, 5), (5, 8), (6, 2), (7, 4), (8, 6)
Sol. No. 45                  (1, 3), (2, 5), (3, 7), (4, 1), (5, 4), (6, 2), (7, 8), (8, 6)
Sol. No. 46                  (1, 6), (2, 4), (3, 2), (4, 8), (5, 5), (6, 7), (7, 1), (8, 3)
Sol. No. 47                  (1, 4), (2, 6), (3, 1), (4, 5), (5, 2), (6, 8), (7, 3), (8, 7)
Sol. No. 48                  (1, 6), (2, 8), (3, 2), (4, 4), (5, 1), (6, 7), (7, 5), (8, 3)
Sol. No. 49                  (1, 2), (2, 6), (3, 8), (4, 3), (5, 1), (6, 4), (7, 7), (8, 5)
Sol. No. 50                  (1, 7), (2, 3), (3, 1), (4, 6), (5, 8), (6, 5), (7, 2), (8, 4)


Summary of Results:
Date and Time                09/01/2021 17:24:34
BoardSize                                      8
No. of Solutions Included                  50
Elapsed Time (s)                               0

