Solution:
Sol. No. 1                   (1, 1), (2, 3), (3, 5), (4, 2), (5, 9), (6, 12), (7, 10), (8, 13), (9, 4), (10, 6), (11, 8), (12, 11), (13, 7)
Sol. No. 2                   (1, 13), (2, 11), (3, 9), (4, 12), (5, 5), (6, 2), (7, 4), (8, 1), (9, 10), (10, 8), (11, 6), (12, 3), (13, 7)
Sol. No. 3                   (1, 7), (2, 11), (3, 8), (4, 6), (5, 4), (6, 13), (7, 10), (8, 12), (9, 9), (10, 2), (11, 5), (12, 3), (13, 1)
Sol. No. 4                   (1, 1), (2, 4), (3, 2), (4, 9), (5, 3), (6, 10), (7, 13), (8, 11), (9, 5), (10, 7), (11, 12), (12, 6), (13, 8)
Sol. No. 5                   (1, 6), (2, 8), (3, 2), (4, 7), (5, 9), (6, 3), (7, 1), (8, 4), (9, 11), (10, 5), (11, 12), (12, 10), (13, 13)
Sol. No. 6                   (1, 8), (2, 6), (3, 12), (4, 7), (5, 5), (6, 11), (7, 13), (8, 10), (9, 3), (10, 9), (11, 2), (12, 4), (13, 1)
Sol. No. 7                   (1, 7), (2, 3), (3, 6), (4, 8), (5, 10), (6, 1), (7, 4), (8, 2), (9, 5), (10, 12), (11, 9), (12, 11), (13, 13)
Sol. No. 8                   (1, 13), (2, 10), (3, 12), (4, 5), (5, 11), (6, 4), (7, 1), (8, 3), (9, 9), (10, 7), (11, 2), (12, 8), (13, 6)
Sol. No. 9                   (1, 1), (2, 3), (3, 5), (4, 7), (5, 9), (6, 11), (7, 13), (8, 2), (9, 4), (10, 6), (11, 8), (12, 10), (13, 12)
Sol. No. 10                  (1, 13), (2, 11), (3, 9), (4, 7), (5, 5), (6, 3), (7, 1), (8, 12), (9, 10), (10, 8), (11, 6), (12, 4), (13, 2)
Sol. No. 11                  (1, 12), (2, 10), (3, 8), (4, 6), (5, 4), (6, 2), (7, 13), (8, 11), (9, 9), (10, 7), (11, 5), (12, 3), (13, 1)
Sol. No. 12                  (1, 1), (2, 8), (3, 2), (4, 9), (5, 3), (6, 10), (7, 4), (8, 11), (9, 5), (10, 12), (11, 6), (12, 13), (13, 7)
Sol. No. 13                  (1, 7), (2, 1), (3, 8), (4, 2), (5, 9), (6, 3), (7, 10), (8, 4), (9, 11), (10, 5), (11, 12), (12, 6), (13, 13)
Sol. No. 14                  (1, 7), (2, 13), (3, 6), (4, 12), (5, 5), (6, 11), (7, 4), (8, 10), (9, 3), (10, 9), (11, 2), (12, 8), (13, 1)
Sol. No. 15                  (1, 2), (2, 4), (3, 6), (4, 8), (5, 10), (6, 12), (7, 1), (8, 3), (9, 5), (10, 7), (11, 9), (12, 11), (13, 13)
Sol. No. 16                  (1, 13), (2, 6), (3, 12), (4, 5), (5, 11), (6, 4), (7, 10), (8, 3), (9, 9), (10, 2), (11, 8), (12, 1), (13, 7)
Sol. No. 17                  (1, 1), (2, 3), (3, 5), (4, 7), (5, 12), (6, 10), (7, 13), (8, 6), (9, 4), (10, 2), (11, 8), (12, 11), (13, 9)
Sol. No. 18                  (1, 13), (2, 11), (3, 9), (4, 7), (5, 2), (6, 4), (7, 1), (8, 8), (9, 10), (10, 12), (11, 6), (12, 3), (13, 5)
Sol. No. 19                  (1, 9), (2, 11), (3, 8), (4, 2), (5, 4), (6, 6), (7, 13), (8, 10), (9, 12), (10, 7), (11, 5), (12, 3), (13, 1)
Sol. No. 20                  (1, 1), (2, 10), (3, 2), (4, 9), (5, 3), (6, 8), (7, 4), (8, 11), (9, 13), (10, 6), (11, 12), (12, 5), (13, 7)
Sol. No. 21                  (1, 7), (2, 9), (3, 2), (4, 8), (5, 1), (6, 3), (7, 10), (8, 6), (9, 11), (10, 5), (11, 12), (12, 4), (13, 13)
Sol. No. 22                  (1, 7), (2, 5), (3, 12), (4, 6), (5, 13), (6, 11), (7, 4), (8, 8), (9, 3), (10, 9), (11, 2), (12, 10), (13, 1)
Sol. No. 23                  (1, 5), (2, 3), (3, 6), (4, 12), (5, 10), (6, 8), (7, 1), (8, 4), (9, 2), (10, 7), (11, 9), (12, 11), (13, 13)
Sol. No. 24                  (1, 13), (2, 4), (3, 12), (4, 5), (5, 11), (6, 6), (7, 10), (8, 3), (9, 1), (10, 8), (11, 2), (12, 9), (13, 7)
Sol. No. 25                  (1, 1), (2, 3), (3, 5), (4, 9), (5, 13), (6, 10), (7, 4), (8, 7), (9, 12), (10, 2), (11, 6), (12, 8), (13, 11)
Sol. No. 26                  (1, 13), (2, 11), (3, 9), (4, 5), (5, 1), (6, 4), (7, 10), (8, 7), (9, 2), (10, 12), (11, 8), (12, 6), (13, 3)
Sol. No. 27                  (1, 11), (2, 8), (3, 6), (4, 2), (5, 12), (6, 7), (7, 4), (8, 10), (9, 13), (10, 9), (11, 5), (12, 3), (13, 1)
Sol. No. 28                  (1, 1), (2, 10), (3, 2), (4, 7), (5, 3), (6, 11), (7, 8), (8, 12), (9, 4), (10, 6), (11, 13), (12, 9), (13, 5)
Sol. No. 29                  (1, 9), (2, 5), (3, 1), (4, 8), (5, 10), (6, 2), (7, 6), (8, 3), (9, 11), (10, 7), (11, 12), (12, 4), (13, 13)
Sol. No. 30                  (1, 5), (2, 9), (3, 13), (4, 6), (5, 4), (6, 12), (7, 8), (8, 11), (9, 3), (10, 7), (11, 2), (12, 10), (13, 1)
Sol. No. 31                  (1, 3), (2, 6), (3, 8), (4, 12), (5, 2), (6, 7), (7, 10), (8, 4), (9, 1), (10, 5), (11, 9), (12, 11), (13, 13)
Sol. No. 32                  (1, 13), (2, 4), (3, 12), (4, 7), (5, 11), (6, 3), (7, 6), (8, 2), (9, 10), (10, 8), (11, 1), (12, 5), (13, 9)
Sol. No. 33                  (1, 1), (2, 3), (3, 5), (4, 10), (5, 2), (6, 9), (7, 12), (8, 4), (9, 13), (10, 8), (11, 6), (12, 11), (13, 7)
Sol. No. 34                  (1, 13), (2, 11), (3, 9), (4, 4), (5, 12), (6, 5), (7, 2), (8, 10), (9, 1), (10, 6), (11, 8), (12, 3), (13, 7)
Sol. No. 35                  (1, 7), (2, 11), (3, 6), (4, 8), (5, 13), (6, 4), (7, 12), (8, 9), (9, 2), (10, 10), (11, 5), (12, 3), (13, 1)
Sol. No. 36                  (1, 1), (2, 5), (3, 2), (4, 8), (5, 3), (6, 11), (7, 13), (8, 10), (9, 6), (10, 4), (11, 12), (12, 7), (13, 9)
Sol. No. 37                  (1, 5), (2, 7), (3, 2), (4, 10), (5, 8), (6, 4), (7, 1), (8, 3), (9, 11), (10, 6), (11, 12), (12, 9), (13, 13)
Sol. No. 38                  (1, 9), (2, 7), (3, 12), (4, 4), (5, 6), (6, 10), (7, 13), (8, 11), (9, 3), (10, 8), (11, 2), (12, 5), (13, 1)
Sol. No. 39                  (1, 7), (2, 3), (3, 8), (4, 6), (5, 1), (6, 10), (7, 2), (8, 5), (9, 12), (10, 4), (11, 9), (12, 11), (13, 13)
Sol. No. 40                  (1, 13), (2, 9), (3, 12), (4, 6), (5, 11), (6, 3), (7, 1), (8, 4), (9, 8), (10, 10), (11, 2), (12, 7), (13, 5)
Sol. No. 41                  (1, 1), (2, 3), (3, 5), (4, 10), (5, 8), (6, 11), (7, 4), (8, 2), (9, 13), (10, 6), (11, 9), (12, 7), (13, 12)
Sol. No. 42                  (1, 13), (2, 11), (3, 9), (4, 4), (5, 6), (6, 3), (7, 10), (8, 12), (9, 1), (10, 8), (11, 5), (12, 7), (13, 2)
Sol. No. 43                  (1, 12), (2, 7), (3, 9), (4, 6), (5, 13), (6, 2), (7, 4), (8, 11), (9, 8), (10, 10), (11, 5), (12, 3), (13, 1)
Sol. No. 44                  (1, 1), (2, 8), (3, 2), (4, 7), (5, 3), (6, 10), (7, 12), (8, 5), (9, 11), (10, 4), (11, 6), (12, 13), (13, 9)
Sol. No. 45                  (1, 5), (2, 1), (3, 8), (4, 10), (5, 3), (6, 9), (7, 2), (8, 4), (9, 11), (10, 7), (11, 12), (12, 6), (13, 13)
Sol. No. 46                  (1, 9), (2, 13), (3, 6), (4, 4), (5, 11), (6, 5), (7, 12), (8, 10), (9, 3), (10, 7), (11, 2), (12, 8), (13, 1)
Sol. No. 47                  (1, 2), (2, 7), (3, 5), (4, 8), (5, 1), (6, 12), (7, 10), (8, 3), (9, 6), (10, 4), (11, 9), (12, 11), (13, 13)
Sol. No. 48                  (1, 13), (2, 6), (3, 12), (4, 7), (5, 11), (6, 4), (7, 2), (8, 9), (9, 3), (10, 10), (11, 8), (12, 1), (13, 5)
Sol. No. 49                  (1, 1), (2, 3), (3, 5), (4, 10), (5, 8), (6, 13), (7, 4), (8, 12), (9, 7), (10, 2), (11, 6), (12, 11), (13, 9)
Sol. No. 50                  (1, 13), (2, 11), (3, 9), (4, 4), (5, 6), (6, 1), (7, 10), (8, 2), (9, 7), (10, 12), (11, 8), (12, 3), (13, 5)


Summary of Results:
Date and Time                10/01/2021 20:15:48
BoardSize                                     13
No. of Solutions Included                  50
Elapsed Time (s)                             2.5

