List of First 50 Unique Solution(s), Excluded Symmetrical Ones:
Sol. No. 1                   (1, 1), (2, 3), (3, 5), (4, 7), (5, 12), (6, 10), (7, 13), (8, 4), (9, 14), (10, 9), (11, 2), (12, 6), (13, 8), (14, 11)
Sol. No. 2                   (1, 1), (2, 3), (3, 5), (4, 7), (5, 13), (6, 10), (7, 12), (8, 14), (9, 6), (10, 4), (11, 2), (12, 8), (13, 11), (14, 9)
Sol. No. 3                   (1, 1), (2, 3), (3, 5), (4, 7), (5, 13), (6, 10), (7, 12), (8, 14), (9, 8), (10, 4), (11, 2), (12, 9), (13, 11), (14, 6)
Sol. No. 4                   (1, 1), (2, 3), (3, 5), (4, 8), (5, 11), (6, 14), (7, 10), (8, 13), (9, 6), (10, 4), (11, 2), (12, 7), (13, 9), (14, 12)
Sol. No. 5                   (1, 1), (2, 3), (3, 5), (4, 8), (5, 12), (6, 9), (7, 13), (8, 2), (9, 14), (10, 6), (11, 10), (12, 7), (13, 11), (14, 4)
Sol. No. 6                   (1, 1), (2, 3), (3, 5), (4, 8), (5, 13), (6, 9), (7, 12), (8, 14), (9, 4), (10, 6), (11, 10), (12, 2), (13, 7), (14, 11)
Sol. No. 7                   (1, 1), (2, 3), (3, 5), (4, 8), (5, 13), (6, 9), (7, 12), (8, 14), (9, 4), (10, 7), (11, 10), (12, 2), (13, 11), (14, 6)
Sol. No. 8                   (1, 1), (2, 3), (3, 5), (4, 8), (5, 13), (6, 11), (7, 6), (8, 14), (9, 12), (10, 4), (11, 9), (12, 7), (13, 2), (14, 10)
Sol. No. 9                   (1, 1), (2, 3), (3, 5), (4, 8), (5, 13), (6, 11), (7, 6), (8, 14), (9, 12), (10, 4), (11, 9), (12, 7), (13, 10), (14, 2)
Sol. No. 10                  (1, 1), (2, 3), (3, 5), (4, 8), (5, 14), (6, 12), (7, 10), (8, 13), (9, 7), (10, 4), (11, 2), (12, 11), (13, 9), (14, 6)
Sol. No. 11                  (1, 1), (2, 3), (3, 5), (4, 9), (5, 12), (6, 14), (7, 11), (8, 4), (9, 7), (10, 13), (11, 10), (12, 2), (13, 6), (14, 8)
Sol. No. 12                  (1, 1), (2, 3), (3, 5), (4, 9), (5, 14), (6, 10), (7, 13), (8, 6), (9, 12), (10, 2), (11, 7), (12, 11), (13, 4), (14, 8)
Sol. No. 13                  (1, 1), (2, 3), (3, 5), (4, 10), (5, 8), (6, 11), (7, 14), (8, 2), (9, 13), (10, 6), (11, 9), (12, 7), (13, 12), (14, 4)
Sol. No. 14                  (1, 1), (2, 3), (3, 5), (4, 10), (5, 8), (6, 11), (7, 14), (8, 12), (9, 7), (10, 2), (11, 4), (12, 6), (13, 9), (14, 13)
Sol. No. 15                  (1, 1), (2, 3), (3, 5), (4, 10), (5, 8), (6, 14), (7, 12), (8, 7), (9, 13), (10, 2), (11, 6), (12, 9), (13, 11), (14, 4)
Sol. No. 16                  (1, 1), (2, 3), (3, 5), (4, 10), (5, 12), (6, 9), (7, 4), (8, 13), (9, 7), (10, 14), (11, 2), (12, 11), (13, 6), (14, 8)
Sol. No. 17                  (1, 1), (2, 3), (3, 5), (4, 10), (5, 12), (6, 14), (7, 2), (8, 13), (9, 6), (10, 9), (11, 7), (12, 4), (13, 11), (14, 8)
Sol. No. 18                  (1, 1), (2, 3), (3, 5), (4, 10), (5, 12), (6, 14), (7, 11), (8, 4), (9, 7), (10, 13), (11, 2), (12, 9), (13, 6), (14, 8)
Sol. No. 19                  (1, 1), (2, 3), (3, 5), (4, 10), (5, 13), (6, 9), (7, 4), (8, 12), (9, 14), (10, 6), (11, 2), (12, 7), (13, 11), (14, 8)
Sol. No. 20                  (1, 1), (2, 3), (3, 5), (4, 10), (5, 13), (6, 9), (7, 12), (8, 4), (9, 7), (10, 14), (11, 2), (12, 11), (13, 8), (14, 6)
Sol. No. 21                  (1, 1), (2, 3), (3, 5), (4, 10), (5, 13), (6, 11), (7, 2), (8, 7), (9, 12), (10, 14), (11, 9), (12, 4), (13, 6), (14, 8)
Sol. No. 22                  (1, 1), (2, 3), (3, 5), (4, 10), (5, 13), (6, 11), (7, 4), (8, 7), (9, 12), (10, 14), (11, 2), (12, 8), (13, 6), (14, 9)
Sol. No. 23                  (1, 1), (2, 3), (3, 5), (4, 10), (5, 13), (6, 11), (7, 6), (8, 4), (9, 12), (10, 14), (11, 9), (12, 7), (13, 2), (14, 8)
Sol. No. 24                  (1, 1), (2, 3), (3, 5), (4, 11), (5, 4), (6, 12), (7, 10), (8, 13), (9, 7), (10, 14), (11, 2), (12, 8), (13, 6), (14, 9)
Sol. No. 25                  (1, 1), (2, 3), (3, 5), (4, 11), (5, 4), (6, 12), (7, 10), (8, 13), (9, 7), (10, 14), (11, 8), (12, 2), (13, 9), (14, 6)
Sol. No. 26                  (1, 1), (2, 3), (3, 5), (4, 11), (5, 14), (6, 10), (7, 13), (8, 6), (9, 4), (10, 2), (11, 7), (12, 9), (13, 12), (14, 8)
Sol. No. 27                  (1, 1), (2, 3), (3, 5), (4, 11), (5, 14), (6, 12), (7, 4), (8, 13), (9, 8), (10, 6), (11, 2), (12, 10), (13, 7), (14, 9)
Sol. No. 28                  (1, 1), (2, 3), (3, 5), (4, 11), (5, 14), (6, 12), (7, 6), (8, 2), (9, 13), (10, 7), (11, 9), (12, 4), (13, 8), (14, 10)
Sol. No. 29                  (1, 1), (2, 3), (3, 5), (4, 12), (5, 8), (6, 11), (7, 13), (8, 2), (9, 6), (10, 14), (11, 10), (12, 7), (13, 9), (14, 4)
Sol. No. 30                  (1, 1), (2, 3), (3, 5), (4, 12), (5, 8), (6, 11), (7, 13), (8, 6), (9, 2), (10, 14), (11, 10), (12, 7), (13, 9), (14, 4)
Sol. No. 31                  (1, 1), (2, 3), (3, 5), (4, 12), (5, 8), (6, 13), (7, 11), (8, 6), (9, 14), (10, 2), (11, 4), (12, 9), (13, 7), (14, 10)
Sol. No. 32                  (1, 1), (2, 3), (3, 5), (4, 12), (5, 9), (6, 4), (7, 13), (8, 11), (9, 14), (10, 7), (11, 2), (12, 6), (13, 8), (14, 10)
Sol. No. 33                  (1, 1), (2, 3), (3, 5), (4, 12), (5, 10), (6, 4), (7, 13), (8, 11), (9, 8), (10, 14), (11, 2), (12, 6), (13, 9), (14, 7)
Sol. No. 34                  (1, 1), (2, 3), (3, 5), (4, 12), (5, 10), (6, 13), (7, 2), (8, 14), (9, 8), (10, 4), (11, 7), (12, 9), (13, 11), (14, 6)
Sol. No. 35                  (1, 1), (2, 3), (3, 5), (4, 12), (5, 14), (6, 11), (7, 4), (8, 7), (9, 13), (10, 2), (11, 9), (12, 6), (13, 8), (14, 10)
Sol. No. 36                  (1, 1), (2, 3), (3, 5), (4, 13), (5, 8), (6, 10), (7, 12), (8, 14), (9, 2), (10, 4), (11, 7), (12, 9), (13, 11), (14, 6)
Sol. No. 37                  (1, 1), (2, 3), (3, 5), (4, 13), (5, 10), (6, 4), (7, 11), (8, 14), (9, 12), (10, 6), (11, 8), (12, 2), (13, 7), (14, 9)
Sol. No. 38                  (1, 1), (2, 3), (3, 5), (4, 14), (5, 9), (6, 11), (7, 13), (8, 2), (9, 4), (10, 6), (11, 8), (12, 10), (13, 12), (14, 7)
Sol. No. 39                  (1, 1), (2, 3), (3, 5), (4, 14), (5, 12), (6, 10), (7, 13), (8, 6), (9, 4), (10, 2), (11, 8), (12, 11), (13, 9), (14, 7)
Sol. No. 40                  (1, 1), (2, 3), (3, 6), (4, 8), (5, 10), (6, 12), (7, 14), (8, 2), (9, 4), (10, 7), (11, 13), (12, 11), (13, 9), (14, 5)
Sol. No. 41                  (1, 1), (2, 3), (3, 6), (4, 8), (5, 11), (6, 13), (7, 4), (8, 7), (9, 14), (10, 12), (11, 9), (12, 2), (13, 5), (14, 10)
Sol. No. 42                  (1, 1), (2, 3), (3, 6), (4, 8), (5, 11), (6, 13), (7, 4), (8, 10), (9, 14), (10, 5), (11, 9), (12, 2), (13, 12), (14, 7)
Sol. No. 43                  (1, 1), (2, 3), (3, 6), (4, 8), (5, 11), (6, 14), (7, 12), (8, 7), (9, 2), (10, 4), (11, 13), (12, 10), (13, 5), (14, 9)
Sol. No. 44                  (1, 1), (2, 3), (3, 6), (4, 8), (5, 12), (6, 5), (7, 13), (8, 10), (9, 14), (10, 4), (11, 2), (12, 7), (13, 9), (14, 11)
Sol. No. 45                  (1, 1), (2, 3), (3, 6), (4, 8), (5, 13), (6, 11), (7, 14), (8, 5), (9, 2), (10, 4), (11, 9), (12, 7), (13, 12), (14, 10)
Sol. No. 46                  (1, 1), (2, 3), (3, 6), (4, 8), (5, 13), (6, 11), (7, 14), (8, 7), (9, 2), (10, 12), (11, 9), (12, 4), (13, 10), (14, 5)
Sol. No. 47                  (1, 1), (2, 3), (3, 6), (4, 8), (5, 13), (6, 11), (7, 14), (8, 7), (9, 4), (10, 12), (11, 9), (12, 2), (13, 10), (14, 5)
Sol. No. 48                  (1, 1), (2, 3), (3, 6), (4, 8), (5, 14), (6, 11), (7, 13), (8, 2), (9, 7), (10, 12), (11, 4), (12, 9), (13, 5), (14, 10)
Sol. No. 49                  (1, 1), (2, 3), (3, 6), (4, 8), (5, 14), (6, 11), (7, 13), (8, 5), (9, 2), (10, 4), (11, 7), (12, 10), (13, 12), (14, 9)
Sol. No. 50                  (1, 1), (2, 3), (3, 6), (4, 9), (5, 7), (6, 12), (7, 14), (8, 2), (9, 13), (10, 5), (11, 8), (12, 11), (13, 4), (14, 10)


Summary of Results:
Date and Time                30/01/2021 12:42:30
BoardSize                                     14
No. of Solutions Included                  50
Elapsed Time (s)                            12.8

